Score	 Alpha	 Delay	 TS
131.7	 0.15	 800	 1326
131.0	 0.15	 700	 1307
128.0	 0.15	 900	 1365
108.3	 0.15	 600	 1443
75.5	 0.20	 500	 995
67.6	 0.20	 400	 936
52.3	 0.20	 300	 897
12.8	 0.25	 200	 605
0.5	 0.25	 100	 429
0.4	 0.30	 0	 1872

Score	Solution
131.7	A2975000_B525000_K_TS1326_Seq0010111100101_TShift800
131.0	A2975000_B525000_K_TS1307_Seq0010111100101_TShift700
128.0	A2975000_B525000_K_TS1365_Seq0010111100101_TShift900
108.3	A2975000_B525000_K_TS1443_Seq0010111100101_TShift600
75.5	A2800000_B700000_K_TS995_Seq0010111100101_TShift500
67.6	A2800000_B700000_K_TS936_Seq0010111100101_TShift400
52.3	A2800000_B700000_K_TS897_Seq0010111100101_TShift300
12.8	A2625000_B875000_K_TS605_Seq0010111100101_TShift200
0.5	A2625000_B875000_K_TS429_Seq0010111100101_TShift100
0.4	A2450000_B1050000_K_TS1872_Seq0010111100101_TShift0
