Score	 Alpha	 Delay	 TS
40308.7	 0.15	 900	 1365
39129.6	 0.15	 800	 1326
38117.6	 0.15	 600	 1443
37804.7	 0.15	 700	 1307
12639.0	 0.20	 500	 995
10015.8	 0.20	 400	 936
7115.9	 0.20	 300	 897
789.6	 0.25	 200	 605
227.2	 0.30	 0	 1872
14.5	 0.25	 100	 429

Score	Solution
40308.7	A2975000_B525000_K_TS1365_Seq0010111100101_TShift900
39129.6	A2975000_B525000_K_TS1326_Seq0010111100101_TShift800
38117.6	A2975000_B525000_K_TS1443_Seq0010111100101_TShift600
37804.7	A2975000_B525000_K_TS1307_Seq0010111100101_TShift700
12639.0	A2800000_B700000_K_TS995_Seq0010111100101_TShift500
10015.8	A2800000_B700000_K_TS936_Seq0010111100101_TShift400
7115.9	A2800000_B700000_K_TS897_Seq0010111100101_TShift300
789.6	A2625000_B875000_K_TS605_Seq0010111100101_TShift200
227.2	A2450000_B1050000_K_TS1872_Seq0010111100101_TShift0
14.5	A2625000_B875000_K_TS429_Seq0010111100101_TShift100
