Score	 Alpha	 Delay	 TS
26129.3	 0.20	 1000	 1541
25129.1	 0.20	 900	 1502
23880.5	 0.20	 800	 1463
22693.5	 0.20	 700	 1463
8524.0	 0.25	 600	 1151
6857.9	 0.25	 500	 1073
5516.7	 0.25	 400	 1014
3892.1	 0.25	 300	 956
2270.1	 0.25	 200	 956
438.6	 0.30	 200	 624
1.9	 0.30	 100	 449
0.0	 0.30	 0	 1502

Score	Solution
26129.3	A2800000_B700000_K_TS1541_Seq0010111100101_TShift1000
25129.1	A2800000_B700000_K_TS1502_Seq0010111100101_TShift900
23880.5	A2800000_B700000_K_TS1463_Seq0010111100101_TShift800
22693.5	A2800000_B700000_K_TS1463_Seq0010111100101_TShift700
8524.0	A2625000_B875000_K_TS1151_Seq0010111100101_TShift600
6857.9	A2625000_B875000_K_TS1073_Seq0010111100101_TShift500
5516.7	A2625000_B875000_K_TS1014_Seq0010111100101_TShift400
3892.1	A2625000_B875000_K_TS956_Seq0010111100101_TShift300
2270.1	A2625000_B875000_K_TS956_Seq0010111100101_TShift200
438.6	A2450000_B1050000_K_TS624_Seq0010111100101_TShift200
1.9	A2450000_B1050000_K_TS449_Seq0010111100101_TShift100
0.0	A2450000_B1050000_K_TS1502_Seq0010111100101_TShift0
