7.819500e+03
7605
7.390500e+03
2145
2.866500e+03
3.412500e+03
3.841500e+03
5.752500e+03
6474
6.883500e+03
7800
7.585500e+03
1.969500e+03
2613
3.217500e+03
3666
4563
6162
6708
7.039500e+03
7.780500e+03
7.546500e+03
2340
2925
3510
3.880500e+03
5.479500e+03
6.454500e+03
6903
7.195500e+03
7761
2.047500e+03
2691
3276
3.763500e+03
4212
6.025500e+03
6708
7.078500e+03
7.351500e+03
7.741500e+03
2.398500e+03
2.983500e+03
3.568500e+03
3978
5.128500e+03
6396
6.922500e+03
7.234500e+03
7488
2.008500e+03
2.710500e+03
3.295500e+03
3.802500e+03
4173
5.869500e+03
6.688500e+03
7.117500e+03
7.390500e+03
7.624500e+03
2.359500e+03
2.983500e+03
3588
4.036500e+03
4.660500e+03
6.337500e+03
6.922500e+03
7293
7.546500e+03
7761
2652
3276
3.841500e+03
4.231500e+03
5616
6669
7.117500e+03
7449
7683
7878
2.944500e+03
3.568500e+03
4.075500e+03
4407
6.220500e+03
6.922500e+03
7.312500e+03
7.585500e+03
7800
7995
3198
3.841500e+03
4.270500e+03
4.816500e+03
6.610500e+03
7.156500e+03
7.468500e+03
7.741500e+03
7.936500e+03
8112
3471
4.075500e+03
4446
5733
6903
7.351500e+03
7.624500e+03
7878
8.053500e+03
8229
